            Multivariate Normality test 30x30 DataFrame(df)             
------------------------------------------------------------------------
                           t1   p-value (t1)         t2   p-value (t2)  
------------------------------------------------------------------------
          mardia   3941.37966            1.0   -8.41991            0.0  
         royston     24.10607        0.74838                            
   henze-zirkler        120.0            0.0                            
  doornik-hansen          nan            nan                            
          energy          nan            nan                            
------------------------------------------------------------------------
                                Univariate Normality test 30x30 DataFrame(df)                                
-------------------------------------------------------------------------------------------------------------
  col         jb   p-value (jb)         k2   p-value (k2)        ks   p-value (ks)        sw   p-value (sw)  
-------------------------------------------------------------------------------------------------------------
    1    1.33577        0.51279    1.60737        0.44768    0.1722        0.30119   0.96709        0.46297  
    2    1.18201        0.55377    1.36421        0.50555   0.10682        0.88341   0.97061        0.55594  
    3    0.21934        0.89613    0.98447        0.61126   0.16934        0.32011   0.98766        0.97354  
    4    1.00562        0.60483    1.41059        0.49396   0.13144         0.6522   0.97368        0.64393  
    5    0.04526        0.97762    0.24022        0.88682   0.15066        0.46478   0.97683         0.7364  
    6    1.19196        0.55102    1.69024        0.42951   0.22162        0.08948   0.96157        0.33956  
    7    0.86086        0.65023    1.02055        0.60033   0.10896        0.86849    0.9776        0.75868  
    8    0.96448         0.6174    1.11112        0.57375   0.09813        0.93481   0.97438        0.66434  
    9    1.11181        0.57355    1.34416        0.51064   0.11565        0.81718   0.95358        0.21059  
   10    1.37432          0.503    1.59708        0.44998   0.11143        0.85036   0.96111        0.33063  
   11    0.34092        0.84328    0.29157        0.86434   0.13039        0.66348   0.98205        0.87715  
   12    0.40036        0.81858    0.27696        0.87068   0.19465        0.18026   0.97206        0.59692  
   13    1.68739        0.43012    2.27325         0.3209   0.12935        0.67478   0.95584        0.24169  
   14    0.86395        0.64923    1.24206        0.53739   0.08281        0.98626    0.9695         0.5257  
   15    0.25451        0.88051    0.27993        0.86939   0.14303        0.53453   0.97717        0.74627  
   16   13.22545      0.00134**   12.75162       0.0017**   0.20003         0.1579    0.9074        0.0128*  
   17     1.2446        0.53671    1.37026        0.50403   0.13058        0.66139   0.96731        0.46844  
   18    1.73974        0.41901    1.93492        0.38005   0.30153      0.00646**   0.95851        0.28358  
   19    0.31836        0.85284    0.12892        0.93757   0.20944        0.12418    0.9799        0.82286  
   20    0.66848        0.71588    0.65369        0.72119   0.10977        0.86264    0.9812        0.85642  
   21    0.61564        0.73505    0.52049        0.77086   0.11631        0.81177    0.9727        0.61538  
   22    0.43509        0.80449    0.25782        0.87905   0.08814        0.97391   0.97919        0.80365  
   23      4.342        0.11406    5.98445        0.05018   0.11442        0.82707   0.94411        0.11738  
   24    0.48958        0.78287    0.32996        0.84791   0.14698        0.49761   0.97404         0.6544  
   25    1.68681        0.43024    4.59955        0.10028   0.20937        0.12441   0.95254        0.19768  
   26    1.04624        0.59267    1.56629        0.45697   0.11549        0.81847   0.97626        0.71974  
   27    1.22635        0.54163    1.88254        0.39013    0.1666        0.33902   0.95893        0.29071  
   28    0.52212        0.77024    0.62136        0.73295   0.07235        0.99755   0.97893         0.7965  
   29    1.47959        0.47721    2.50888        0.28524   0.16089        0.38097   0.96245        0.35734  
   30     1.0438        0.59339    1.07891        0.58307     0.184        0.23178   0.95978        0.30577  
-------------------------------------------------------------------------------------------------------------