                                 Descriptive statistics 30x30 DataFrame(df)                                
-----------------------------------------------------------------------------------------------------------
  col       mean     median   variance     stdev   kurtosis   skewness        min       max   quant (95%)  
-----------------------------------------------------------------------------------------------------------
    1   -0.07116   -0.27523    0.40352   0.63523   -1.43798      0.228   -0.99628   0.94397       0.87996  
    2   -0.06124     -0.088    0.27387   0.52333   -0.80707    0.12397   -0.99035    0.9554       0.81267  
    3   -0.08592   -0.16225     0.2239   0.47318   -0.70796    0.27131   -0.94192   0.91798       0.68232  
    4    0.12033   -0.03626    0.29773   0.54564   -1.21356   -0.06103   -0.84373   0.99359       0.91341  
    5      0.004    -0.0795     0.3577   0.59808   -1.28679     0.0912   -0.99887   0.89784       0.87248  
    6    0.22237    0.33504    0.29722   0.54518   -0.68824     -0.603   -0.92107   0.99073       0.91205  
    7   -0.02514   -0.01986    0.36953   0.60789    -1.3887    0.20587   -0.80041   0.96754       0.90756  
    8    0.04294    0.02687    0.33698    0.5805   -1.15316   -0.14024   -0.91381   0.97359       0.86986  
    9   -0.21769   -0.34017    0.35445   0.59536   -0.88038    0.52358   -0.99232   0.93814       0.87019  
   10   -0.12932   -0.13882    0.26611   0.51586   -0.78488    0.33979   -0.97481   0.94491       0.79502  
   11   -0.03512   -0.09048    0.36294   0.60244   -1.27541   -0.05147   -0.99202   0.91565       0.86036  
   12   -0.11171   -0.19471    0.42281   0.65023   -1.37217     0.2508    -0.9619   0.98584       0.90456  
   13    0.04342    0.00079    0.36242   0.60201   -1.27906   -0.16334   -0.97294   0.84577       0.83333  
   14   -0.04767    0.01131    0.27099   0.52057   -0.93771    0.04464   -0.90516   0.88607       0.84335  
   15    0.05655    0.11916    0.47145   0.68663   -1.55444   -0.14345    -0.9896   0.99161       0.94906  
   16    0.07611     0.0935    0.34226   0.58503   -1.11775    -0.1497    -0.9878    0.9756       0.95219  
   17    0.09161    0.13995    0.43125    0.6567   -1.35482   -0.10764   -0.94715   0.98611       0.95711  
   18   -0.15794   -0.19849    0.29439   0.54257   -1.38667   -0.01252   -0.96727   0.71349       0.59845  
   19   -0.01907   -0.13212    0.24112   0.49104   -0.73292    0.62769    -0.6271   0.96427        0.9291  
   20   -0.00107   -0.03488    0.27071    0.5203   -0.93646    0.06677   -0.97165   0.95967       0.80509  
   21     0.0411    0.20733    0.43708   0.66112    -1.3911   -0.16508   -0.99177   0.99311       0.94359  
   22    0.00981    0.15201    0.37671   0.61377   -1.45788   -0.13823   -0.89971   0.96417       0.86124  
   23   -0.08144   -0.15577    0.34078   0.58376   -1.29487    0.11209   -0.99859   0.93308       0.78858  
   24   -0.00177    0.07852    0.33834   0.58167    -1.3475    0.05273   -0.88912   0.94667       0.89217  
   25   -0.06194   -0.05722    0.26295   0.51279   -0.97243    0.16315   -0.98855   0.93709       0.74545  
   26   -0.02904   -0.14208    0.32343   0.56871   -0.99129    0.28713    -0.9478   0.91772       0.90789  
   27   -0.02861   -0.05166    0.25156   0.50156   -1.08979    0.03949   -0.93514   0.89827       0.74909  
   28   -0.06667   -0.03592    0.31854    0.5644   -1.11497    0.18108   -0.97701   0.93891       0.85321  
   29   -0.12907   -0.18688    0.39723   0.63026   -1.14243    0.30942   -0.99821   0.93149       0.91411  
   30   -0.07811   -0.08928    0.37637   0.61349   -1.34211    0.04956   -0.97145   0.90916       0.86399  
-----------------------------------------------------------------------------------------------------------
            Multivariate Normality test 30x30 DataFrame(df)             
------------------------------------------------------------------------
                           t1   p-value (t1)         t2   p-value (t2)  
------------------------------------------------------------------------
          mardia   4475.29347            1.0   -2.29537        0.02171  
         royston    104.86078            0.0                            
   henze-zirkler        120.0            0.0                            
  doornik-hansen    105.71746        0.00025                            
          energy        2.843            nan                            
------------------------------------------------------------------------
                               Univariate Normality test 30x30 DataFrame(df)                                
------------------------------------------------------------------------------------------------------------
  col        jb   p-value (jb)         k2   p-value (k2)        ks   p-value (ks)        sw   p-value (sw)  
------------------------------------------------------------------------------------------------------------
    1   2.84466        0.24115   13.16402      0.00139**   0.17259        0.29867   0.90642        0.0121*  
    2   0.89105        0.64049     1.1056        0.57534   0.18089        0.24877   0.97536        0.69341  
    3   0.99455        0.60818    1.06152        0.58816   0.21032        0.12133    0.9797         0.8174  
    4   1.85953        0.39465    5.66828        0.05877   0.21172        0.11694   0.93683        0.07476  
    5   2.11139        0.34795    7.44106       0.02422*   0.18464        0.22842   0.93047        0.05053  
    6   2.41011        0.29968    2.78209        0.24882   0.21237        0.11495   0.93158        0.05409  
    7   2.62252        0.26948   10.98556      0.00412**   0.21174         0.1169   0.90239      0.00961**  
    8   1.76057        0.41467    4.63445        0.09855   0.18041        0.25149   0.94375        0.11478  
    9   2.33953        0.31044    3.19863        0.20204   0.21945        0.09499   0.92292       0.03195*  
   10   1.34732        0.50984    1.65708        0.43669   0.23915        0.05399   0.95695        0.25832  
   11   2.04659        0.35941    7.10184        0.0287*   0.17992        0.25423   0.93763        0.07855  
   12   2.66806        0.26341    10.4975      0.00525**   0.16805        0.32892   0.91064       0.01544*  
   13   2.17838        0.33649    7.36023       0.02522*   0.19884        0.16266   0.92098       0.02843*  
   14    1.1091        0.57433    1.88898        0.38888    0.2151        0.10688   0.95132        0.18332  
   15   3.12326        0.20979   19.98984      5e-05****   0.16119        0.37869   0.88795      0.00432**  
   16   1.67378        0.43306    4.08322        0.12982   0.16463        0.35308   0.95433         0.2205  
   17   2.35234        0.30846    9.53642       0.0085**   0.17178        0.30392   0.91435       0.01919*  
   18   2.40433        0.30054   10.62026      0.00494**   0.23777        0.05626   0.92506       0.03636*  
   19   2.64146        0.26694    3.11836        0.21031    0.2653       0.02361*   0.91173       0.01646*  
   20   1.11849        0.57164    1.89545        0.38762   0.20665         0.1335   0.96497        0.41214  
   21   2.55522         0.2787    10.9779      0.00413**   0.16065        0.38276   0.91588         0.021*  
   22   2.75231        0.25255   13.91849     0.00095***   0.18414        0.23105   0.90664       0.01225*  
   23   2.15868        0.33982    7.69071       0.02138*   0.17539         0.2811   0.94301        0.10964  
   24    2.2836        0.31924     9.2281      0.00991**   0.18697         0.2164   0.92712       0.04121*  
   25   1.31513        0.51811    2.36317        0.30679   0.18416        0.23095   0.96749         0.4731  
   26   1.64055        0.44031    2.91742        0.23254   0.17938        0.25733   0.92835       0.04439*  
   27   1.49236        0.47417    3.53623        0.17065    0.2002        0.15723   0.96629        0.44316  
   28   1.71788        0.42361    4.11127        0.12801   0.17389        0.29043    0.9556        0.23819  
   29   2.11013        0.34817    4.96077        0.08371    0.1758        0.27857   0.92002       0.02686*  
   30   2.26384        0.32241    9.04711       0.01085*   0.18163        0.24464    0.9235        0.0331*  
------------------------------------------------------------------------------------------------------------