                                 Descriptive statistics 30x30 DataFrame(df)                                
-----------------------------------------------------------------------------------------------------------
  col       mean     median   variance     stdev   kurtosis   skewness        min       max   quant (95%)  
-----------------------------------------------------------------------------------------------------------
    1    0.03068    0.06598     0.6597   0.81222   -0.58539   -0.01644   -1.86106   1.65783       1.25868  
    2   -0.07847   -0.13554    0.59615   0.77211   -0.52794   -0.14826   -1.73451   1.21725       1.17513  
    3     0.0106   -0.10227    0.74267   0.86178    0.61126   -0.53187   -2.41235   1.58878       1.22826  
    4    0.07711    0.04328    0.30696   0.55404   -0.47279   -0.45988   -1.30055   0.95377       0.78221  
    5    0.06761    0.19048    0.52361   0.72361   -0.21937   -0.24307   -1.68071   1.65121       0.96489  
    6    0.00344    0.20145    0.86918    0.9323    0.20663    -0.6082   -2.35271   1.76613       1.24238  
    7   -0.00772   -0.23099    0.81023   0.90013   -0.46023    0.46649   -1.49359     2.247       1.34445  
    8    0.25667    0.22561    0.75255    0.8675    -0.1994    0.16666   -1.53144   2.28979        1.7334  
    9   -0.26052   -0.59936     0.6104   0.78128    1.46623    1.42357   -1.14374   2.12172       1.37197  
   10   -0.22768   -0.31076    0.45146   0.67191   -0.30156    0.49082   -1.30391   1.44818       0.90578  
   11   -0.26081   -0.35353    0.47768   0.69114   -0.57631    0.42417   -1.35128   1.32921       0.90802  
   12   -0.32325   -0.37482      0.622   0.78867   -0.09104    0.35374   -1.94093    1.5628        1.0745  
   13    0.01436    -0.2115    0.80943   0.89968      0.209    0.38925   -1.83181   2.50254        1.0944  
   14    0.04124   -0.02366    0.46736   0.68364   -0.84773    0.18985   -1.21562    1.4654       1.09416  
   15   -0.08012   -0.03253    0.65415    0.8088   -0.60754   -0.27229   -2.07405    1.2787       0.98263  
   16    0.21516    0.27443    0.57296   0.75694    0.07038   -0.23232   -1.65122   1.97749       1.20867  
   17   -0.01023   -0.06554    0.52781    0.7265   -1.22873   -0.06405   -1.47667   1.03944       0.99865  
   18    0.09494   -0.08816    0.97857   0.98923    0.22862    0.65023   -1.62864   2.76575       1.87221  
   19   -0.00625   -0.07617    0.53601   0.73213   -0.42808    0.02096   -1.52524   1.53835       1.10621  
   20     -0.171    0.06947    0.72787   0.85315    0.09522   -0.37458   -2.31717   1.71292       0.85485  
   21   -0.03373   -0.16696    0.62465   0.79035   -1.08843    0.07037   -1.40671   1.54427       1.02102  
   22    0.10279    0.19044    0.40205   0.63408   -0.46355   -0.00446   -1.07981   1.62689       0.89813  
   23   -0.02435   -0.08319    0.54696   0.73957     0.3848   -0.25318   -1.80443   1.52288       1.15652  
   24    0.01394   -0.11121    0.77384   0.87968   -0.38704    0.24916   -1.69188   1.71221       1.68152  
   25    0.06138    0.01008    0.70723   0.84097    0.35204    0.51998   -1.60057   2.24979       1.54469  
   26   -0.29919   -0.22061    0.68204   0.82586   -0.18297   -0.29979   -2.35293   1.24926       0.89958  
   27   -0.09119   -0.10633    0.42376   0.65097    0.03238    0.18365   -1.50752   1.58946       0.79617  
   28   -0.16822   -0.09788    0.84298   0.91814   -0.44979    0.37695   -1.62712    1.8795       1.43984  
   29    -0.0997   -0.18688    0.74453   0.86286    0.00841   -0.09119    -2.3483   1.72227       1.17622  
   30   -0.24266   -0.47681    0.85929   0.92698    -0.6683    -0.0322   -2.45416   1.44734       1.09829  
-----------------------------------------------------------------------------------------------------------
            Multivariate Normality test 30x30 DataFrame(df)             
------------------------------------------------------------------------
                           t1   p-value (t1)         t2   p-value (t2)  
------------------------------------------------------------------------
          mardia   4457.94631            1.0   -3.85723        0.00011  
         royston     33.25899        0.28183                            
   henze-zirkler        120.0            0.0                            
  doornik-hansen      6.61755            1.0                            
          energy          nan            nan                            
------------------------------------------------------------------------
                               Univariate Normality test 30x30 DataFrame(df)                                
------------------------------------------------------------------------------------------------------------
  col        jb   p-value (jb)         k2   p-value (k2)        ks   p-value (ks)        sw   p-value (sw)  
------------------------------------------------------------------------------------------------------------
    1   0.42971        0.80666    0.22979        0.89146   0.12622         0.7094    0.9767        0.73273  
    2   0.45831        0.79521    0.27847        0.87002    0.1375        0.58896   0.96677        0.45499  
    3   1.88149        0.39034    3.28162        0.19382   0.13381        0.62697   0.95906        0.29305  
    4   1.33684        0.51252    1.43767        0.48732   0.20801        0.12888   0.95177        0.18851  
    5   0.35557        0.83712     0.4357        0.80424   0.12059          0.774   0.98657        0.96084  
    6   1.90288        0.38618    2.92521        0.23163   0.10946         0.8649   0.96313        0.37155  
    7   1.35283        0.50844    1.46401        0.48094   0.11174          0.848   0.95741        0.26562  
    8   0.18858        0.91002    0.23887        0.88742   0.17687         0.2721    0.9886        0.98209  
    9   12.8201      0.00164**   13.27624      0.00131**   0.28611       0.01146*   0.84272     0.00044***  
   10   1.31821        0.51731      1.559        0.45864   0.20582        0.13638   0.96929        0.51995  
   11   1.31476        0.51821    1.38875        0.49939   0.19979        0.15885   0.96818        0.49077  
   12   0.63601         0.7276    0.97981        0.61268   0.23752        0.05668   0.98594        0.95202  
   13   0.81218        0.66625    1.60939        0.44722   0.11207        0.84549   0.95613        0.24594  
   14   1.07852        0.58318     1.4759        0.47809   0.13153        0.65126   0.97639        0.72373  
   15    0.8321        0.65965    0.77416        0.67904   0.12736        0.69672   0.95828        0.27982  
   16   0.27605        0.87107    0.73408        0.69278   0.18925        0.20512   0.97455         0.6696  
   17   1.90774        0.38525    5.99649       0.04987*    0.1493        0.47674   0.93615        0.07165  
   18   2.17935        0.33633    3.26821        0.19513   0.07456        0.99624   0.96393        0.38865  
   19   0.23126        0.89081    0.03041        0.98491   0.12146        0.76386   0.98372        0.91348  
   20   0.71287        0.70017    1.33743        0.51237   0.15346        0.44072    0.9793        0.80653  
   21    1.5056        0.47105    3.54059        0.17028   0.11494        0.82289   0.96294        0.36741  
   22    0.2687        0.87429     0.0541        0.97331   0.15704        0.41118   0.96753        0.47404  
   23   0.50557        0.77663    1.39565        0.49767   0.14572        0.50924   0.97102        0.56738  
   24   0.49766        0.77971    0.42706        0.80773   0.09418         0.9529   0.96772        0.47875  
   25    1.5068        0.47076    2.62828        0.26871   0.11727        0.80385   0.97185        0.59089  
   26   0.49122        0.78223     0.6639        0.71752   0.23951        0.05341   0.98153        0.86472  
   27   0.16994        0.91854    0.53999        0.76338   0.18627        0.21996   0.98708        0.96711  
   28   0.96336        0.61775    0.98208        0.61199   0.13829        0.58098   0.96237        0.35557  
   29   0.04166        0.97938    0.33274        0.84673   0.12561        0.71635   0.96659        0.45056  
   30   0.56346        0.75448    0.44277        0.80141    0.2496       0.03921*   0.95127        0.18285  
------------------------------------------------------------------------------------------------------------