-----------------------------------------------------------------------
                           t1   p-value (t1)        t2   p-value (t2)  
-----------------------------------------------------------------------
          mardia   5442.53312            0.0   1.17674         0.2393  
         royston     41.57973        0.07611                           
   henze-zirkler      0.99997        0.26842                           
  doornik-hansen      72.2927        0.13275                           
          energy      2.91808            0.0                           
-----------------------------------------------------------------------
------------------------------------------------------------------------------------------------------------
  col         jb   p-value (jb)        k2   p-value (k2)        ks   p-value (ks)        sw   p-value (sw)  
------------------------------------------------------------------------------------------------------------
    1    0.26534        0.87575   0.08381        0.95896   0.09307        0.66603    0.9902        0.91263  
    2    2.67807         0.2621   3.43201        0.17978   0.08521        0.79201   0.98288        0.56173  
    3    0.24408        0.88511   0.46969        0.79069   0.11836        0.34432    0.9866        0.75284  
    4    0.87634        0.64521   0.85426        0.65238   0.20578        0.0105*   0.97577        0.27648  
    5    0.64635        0.72385   0.51891        0.77147   0.12835        0.25425   0.98035        0.44345  
    6    1.26013        0.53256   1.85851        0.39485   0.09542        0.63041   0.98441        0.63948  
    7    1.68268        0.43113   1.80827        0.40489   0.16174        0.07722   0.97469        0.24584  
    8     1.5028        0.47171   1.69443        0.42861   0.08875         0.7339   0.98111        0.47725  
    9    3.07821        0.21457   3.50323        0.17349    0.1262        0.27194   0.96863        0.12505  
   10   11.82934       0.0027**   11.2972      0.00352**   0.13081        0.23504    0.9553       0.02784*  
   11    1.20938        0.54624   1.90468        0.38584   0.10145        0.54457   0.98728        0.78685  
   12    0.90453        0.63619   0.86654        0.64839   0.20419       0.01138*   0.98614        0.72894  
   13    3.18563        0.20335   4.04123        0.13257   0.13292        0.21954   0.97167        0.17598  
   14    0.18087        0.91353   0.09395        0.95411   0.11033        0.43185   0.98906        0.86872  
   15    0.48115        0.78618    1.1277        0.56901   0.11069        0.42753   0.97223        0.18742  
   16    6.34042       0.04199*     7.198       0.02735*   0.12153        0.31361    0.9597       0.04551*  
   17    1.96693        0.37401   2.37593        0.30484   0.10423        0.50738   0.97226        0.18798  
   18    6.38022       0.04117*   7.23604       0.02684*   0.10349        0.51716   0.96838        0.12153  
   19    3.10928        0.21127   3.74584        0.15367    0.1653        0.06691   0.96526        0.08532  
   20    1.95216        0.37678   2.71519        0.25728   0.12151        0.31381   0.98351        0.59316  
   21    2.03655        0.36122   4.20197        0.12234   0.09828        0.58885   0.96819        0.11899  
   22    0.82956        0.66049    0.7654        0.68202   0.11747        0.35338   0.98419        0.62813  
   23    1.15195        0.56216    1.3684        0.50449   0.14206        0.16115   0.98106        0.47496  
   24    1.28867        0.52501    1.3504        0.50905   0.08689        0.76422   0.98485        0.66242  
   25    6.49464       0.03888*   7.05827       0.02933*   0.13464        0.20743   0.96196        0.05869  
   26     0.8176        0.66445   0.71221         0.7004   0.15626        0.09569   0.98375        0.60541  
   27    1.15147        0.56229   1.90071         0.3866   0.12486        0.28347   0.98748         0.7964  
   28    0.13519        0.93464   0.48583        0.78434   0.11034        0.43171    0.9841        0.62344  
   29    0.05487        0.97294   0.24732        0.88368     0.127        0.26526   0.98048        0.44939  
   30    0.64742        0.72346   0.53109        0.76679   0.18238        0.0322*   0.97573        0.27524  
------------------------------------------------------------------------------------------------------------