                             t1   p-value (t1)         t2   p-value (t2)  
--------------------------------------------------------------------------
          mardia   170982.06069        0.88985   -2.98732      0.00281**  
         royston      104.72197        0.35354                            
   henze-zirkler            1.0            1.0                            
  doornik-hansen      190.58107        0.67187                            
          energy        5.28775           0.54                            
-----------------------------------------------------------------------------------------------------------
  col        jb   p-value (jb)        k2   p-value (k2)        ks   p-value (ks)        sw   p-value (sw)  
-----------------------------------------------------------------------------------------------------------
    1   2.23037        0.32785   2.26858        0.32165   0.03788        0.11061   0.99893        0.83278  
    2    0.6573         0.7199   0.57592        0.74979   0.03542        0.15885   0.99911        0.92496  
    3   5.06015        0.07965   5.04434        0.08029   0.03037        0.30965   0.99738        0.10622  
    4   0.32677        0.84927   0.33507        0.84575      0.02        0.81873   0.99951        0.99817  
    5   1.42831         0.4896   1.35283        0.50844   0.03356        0.20568   0.99781        0.21154  
    6   2.62682         0.2689   2.85622        0.23976   0.02591        0.51301   0.99862        0.63445  
    7   0.58591        0.74605   0.49984        0.77886    0.0223         0.7027   0.99898        0.86254  
    8   0.14432        0.93038   0.14478        0.93017   0.01959        0.83733   0.99864        0.64649  
    9   5.43447        0.06606   5.89548        0.05246   0.03085        0.29204   0.99633       0.01893*  
   10   1.06455        0.58727    1.1079        0.57468     0.038        0.10862   0.99846        0.52607  
   11   3.47618        0.17586   3.46789        0.17659   0.02112        0.76369   0.99792         0.2507  
   12   0.22105        0.89536   0.24612        0.88421   0.01968        0.83362   0.99843        0.51008  
   13   1.24485        0.53664   1.34704        0.50991   0.01888        0.86815   0.99826        0.40758  
   14   2.13606        0.34368   2.10177        0.34963   0.02335        0.64689   0.99856         0.5958  
   15   6.72433       0.03466*   6.03947       0.04881*   0.02614        0.50154   0.99738        0.10655  
   16   1.43334        0.48838   1.54562        0.46171   0.01098        0.99974   0.99838        0.48111  
   17   2.05656        0.35762   2.17776        0.33659    0.0374        0.11881   0.99753         0.1369  
   18    1.1644        0.55867   1.12116        0.57088   0.03091        0.29004   0.99858        0.60907  
   19   2.50375        0.28597   2.91146        0.23323   0.01934        0.84876   0.99807         0.3138  
   20   6.24724         0.044*   8.95521       0.01136*   0.02942        0.34751   0.99663       0.03086*  
   21   1.65067        0.43809   1.77395         0.4119    0.0349        0.17104   0.99815        0.35126  
   22   1.83997        0.39853   2.00418        0.36711   0.03215        0.24763   0.99875        0.71956  
   23   2.33964        0.31042   2.62871        0.26865   0.02044         0.7974   0.99729        0.09275  
   24   1.79961        0.40665   1.74362        0.41819    0.0169        0.93749   0.99872        0.70074  
   25   0.54655        0.76088   0.45815        0.79527   0.04174        0.05957   0.99826        0.40866  
   26   2.97664        0.22575   2.81758        0.24444   0.01766         0.9141   0.99844        0.51648  
   27   0.56253        0.75483   0.47962        0.78678   0.02654        0.48023   0.99868        0.67502  
   28   1.24498        0.53661   1.19589        0.54994   0.02006        0.81561   0.99842        0.50276  
   29   1.68122        0.43145   1.79064        0.40848   0.01935        0.84806    0.9986        0.62143  
   30   0.93851        0.62547   0.88906        0.64113   0.01662        0.94527   0.99884        0.78043  
   31   0.60818        0.73779   0.58412        0.74672   0.02615        0.50094   0.99891        0.82048  
   32   3.91828        0.14098   4.01538         0.1343   0.04601       0.02807*   0.99759        0.15032  
   33   0.41612        0.81216   0.47356        0.78917    0.0366        0.13394    0.9988        0.75774  
   34   3.12604         0.2095   3.27332        0.19463   0.02565        0.52638   0.99838        0.47774  
   35   3.19307         0.2026   3.66709        0.15985   0.02869        0.37805   0.99768        0.17308  
   36   0.83162        0.65981   0.87672        0.64509   0.02485        0.56738     0.998        0.28336  
   37   3.04266        0.21842   3.46235        0.17708   0.03432        0.18539   0.99792        0.25046  
   38   0.31574        0.85396   0.26329        0.87665   0.02425        0.59897   0.99918        0.94765  
   39   1.69102        0.42934   1.81071         0.4044   0.02823        0.39882    0.9981        0.32549  
   40   0.39495         0.8208   0.35711        0.83648   0.02429        0.59686   0.99836        0.46411  
   41   10.0112       0.0067**   9.02263       0.01098*   0.02573        0.52224   0.99693        0.05098  
   42   1.82242        0.40204   1.90054        0.38664   0.02392        0.61621   0.99827        0.41677  
   43   1.15577        0.56108     1.075        0.58421   0.01879        0.87184   0.99864        0.64496  
   44    2.0697        0.35528   2.03935        0.36071   0.02082        0.77895    0.9965       0.02489*  
   45   0.33316        0.84655   0.24611        0.88422   0.03958        0.08485   0.99857        0.60421  
   46    2.7495         0.2529   3.26634        0.19531   0.02485        0.56715   0.99785        0.22372  
   47   0.38325        0.82562    0.3211        0.85167   0.01794        0.90452   0.99831        0.43532  
   48   2.07931        0.35358   2.05558         0.3578   0.02419        0.60183    0.9982        0.37528  
   49   0.06214        0.96941   0.03748        0.98144    0.0206        0.78984   0.99951        0.99817  
   50   3.98323        0.13647   4.09262        0.12921   0.05187      0.00888**   0.99705        0.06248  
   51    0.5416        0.76277   0.50774        0.77579   0.03553        0.15635   0.99827         0.4118  
   52   1.44247        0.48615   1.36563        0.50519   0.03432        0.18541   0.99803        0.29347  
   53   0.38949        0.82305   0.49833        0.77945   0.01084         0.9998   0.99935        0.98659  
   54   0.76677        0.68155   0.69177        0.70759   0.02811        0.40398   0.99905        0.89935  
   55    0.0698         0.9657   0.13623        0.93415   0.02623         0.4962   0.99794          0.257  
   56   0.85747        0.65133   0.79795        0.67101   0.02709        0.45272   0.99818        0.36805  
   57   1.09389        0.57872   1.06902        0.58596   0.02481        0.56938   0.99782        0.21598  
   58   5.43953        0.06589    5.3995        0.06722   0.03316        0.21687   0.99703        0.05991  
   59   0.37181        0.83035   0.29225        0.86405   0.02651        0.48185   0.99922        0.95979  
   60   0.66354        0.71765    0.7711        0.68008   0.02959        0.34055   0.99781        0.21214  
   61   3.34481         0.1878   3.65811        0.16057   0.02072          0.784   0.99757        0.14472  
   62   0.19184        0.90854   0.12022        0.94166   0.01738        0.92327   0.99894        0.83948  
   63   3.39042        0.18356   3.49415        0.17428   0.02259        0.68732   0.99792         0.2504  
   64   0.12918        0.93745   0.07005        0.96558   0.03041        0.30816   0.99875        0.72405  
   65   0.04473        0.97788   0.01434        0.99286   0.02613        0.50197    0.9994        0.99179  
   66   1.33451        0.51312   1.25788        0.53316   0.03431         0.1855   0.99887        0.80093  
   67   0.63173        0.72916   0.54845        0.76016   0.02908        0.36138   0.99807        0.31459  
   68   0.10184        0.95035   0.16188        0.92225   0.03246        0.23781   0.99839        0.48276  
   69   0.64428         0.7246   0.60842        0.73771   0.02452         0.5844   0.99914        0.93624  
   70   0.40697        0.81588   0.32843        0.84856   0.01127        0.99957   0.99932        0.98155  
   71   0.56401        0.75427   0.66102        0.71856   0.02316        0.65669   0.99897        0.85881  
   72   2.73155        0.25518   2.80007        0.24659   0.02981        0.33145   0.99818        0.36511  
   73   5.46232        0.06514    4.6286        0.09884   0.02948        0.34473   0.99795         0.2621  
   74   0.75209        0.68657     0.882        0.64339   0.04695       0.02357*   0.99828        0.41998  
   75   0.10165        0.95044   0.07399        0.96368   0.02351          0.638   0.99929        0.97705  
   76   0.17553        0.91598   0.24902        0.88293   0.03131        0.27583   0.99809        0.32431  
   77   5.15271        0.07605   5.10266        0.07798    0.0164        0.95075   0.99724        0.08505  
   78   1.28731        0.52537   1.37647        0.50246   0.03442         0.1827   0.99885        0.78532  
   79   3.60159        0.16517   4.08587        0.12965   0.02366           0.63   0.99808        0.31733  
   80   3.30786         0.1913   3.00416        0.22267   0.02135        0.75198   0.99853        0.57708  
   81   0.09373        0.95421   0.15444        0.92569   0.02678        0.46827   0.99856        0.59351  
   82   1.03926        0.59474   0.96119        0.61842   0.03229        0.24337   0.99843         0.5096  
   83   3.39182        0.18343   3.35491        0.18685   0.04148        0.06228    0.9977        0.17855  
   84   1.68266        0.43114   1.60681         0.4478   0.02515        0.55169   0.99875        0.72026  
   85   4.71289        0.09476   4.03446        0.13302    0.0307        0.29767   0.99731        0.09556  
   86   2.14899        0.34147   2.09008        0.35168   0.02372        0.62675   0.99843        0.51189  
   87   6.06246       0.04826*   5.34465        0.06909    0.0242        0.60161   0.99714        0.07188  
   88   4.06161        0.13123   5.27354        0.07159   0.03116        0.28086   0.99804         0.2987  
   89   3.99584        0.13562   3.77924        0.15113   0.03535        0.16044   0.99786        0.22957  
   90   1.41329         0.4933   1.37381        0.50313   0.02033        0.80296   0.99858        0.60795  
   91   0.65475        0.72081   0.67622        0.71312    0.0272        0.44739   0.99829        0.42306  
   92    0.9314         0.6277   1.06505        0.58712   0.02828        0.39655   0.99888        0.80465  
   93   2.08579        0.35243   2.17961        0.33628   0.02457        0.58219   0.99825         0.4037  
   94   0.96027         0.6187     0.885        0.64243   0.01956        0.83898   0.99899        0.86771  
   95   6.92431       0.03136*   6.88233       0.03203*   0.02781        0.41829   0.99745         0.1206  
   96   0.32991        0.84793   0.28001        0.86936    0.0208        0.78014   0.99849        0.54664  
   97   0.85507        0.65211   0.77766        0.67785   0.02068        0.78562   0.99836        0.46734  
   98   0.11877        0.94234   0.13423        0.93509   0.01698        0.93531   0.99862        0.63384  
   99   1.97915        0.37173   2.00064        0.36776   0.04159        0.06112   0.99777        0.19916  
  100   4.11593        0.12771   4.26008        0.11883   0.02987        0.32924   0.99816         0.3566  
-----------------------------------------------------------------------------------------------------------