------------------------------------------------------------------------
                           t1   p-value (t1)         t2   p-value (t2)  
------------------------------------------------------------------------
          mardia   4457.94631            1.0   -3.85723        0.00011  
         royston     33.25899        0.28183                            
   henze-zirkler        120.0            0.0                            
  doornik-hansen      6.61755            1.0                            
          energy          nan            nan                            
------------------------------------------------------------------------
------------------------------------------------------------------------------------------------------------
  col        jb   p-value (jb)         k2   p-value (k2)        ks   p-value (ks)        sw   p-value (sw)  
------------------------------------------------------------------------------------------------------------
    1   0.42971        0.80666    0.22979        0.89146   0.12622         0.7094    0.9767        0.73273  
    2   0.45831        0.79521    0.27847        0.87002    0.1375        0.58896   0.96677        0.45499  
    3   1.88149        0.39034    3.28162        0.19382   0.13381        0.62697   0.95906        0.29305  
    4   1.33684        0.51252    1.43767        0.48732   0.20801        0.12888   0.95177        0.18851  
    5   0.35557        0.83712     0.4357        0.80424   0.12059          0.774   0.98657        0.96084  
    6   1.90288        0.38618    2.92521        0.23163   0.10946         0.8649   0.96313        0.37155  
    7   1.35283        0.50844    1.46401        0.48094   0.11174          0.848   0.95741        0.26562  
    8   0.18858        0.91002    0.23887        0.88742   0.17687         0.2721    0.9886        0.98209  
    9   12.8201      0.00164**   13.27624      0.00131**   0.28611       0.01146*   0.84272     0.00044***  
   10   1.31821        0.51731      1.559        0.45864   0.20582        0.13638   0.96929        0.51995  
   11   1.31476        0.51821    1.38875        0.49939   0.19979        0.15885   0.96818        0.49077  
   12   0.63601         0.7276    0.97981        0.61268   0.23752        0.05668   0.98594        0.95201  
   13   0.81218        0.66625    1.60939        0.44722   0.11207        0.84549   0.95613        0.24594  
   14   1.07852        0.58318     1.4759        0.47809   0.13153        0.65126   0.97639        0.72372  
   15    0.8321        0.65965    0.77416        0.67904   0.12736        0.69672   0.95828        0.27981  
   16   0.27605        0.87107    0.73408        0.69278   0.18925        0.20512   0.97455        0.66961  
   17   1.90774        0.38525    5.99649       0.04987*    0.1493        0.47674   0.93615        0.07165  
   18   2.17935        0.33633    3.26821        0.19513   0.07456        0.99624   0.96393        0.38864  
   19   0.23126        0.89081    0.03041        0.98491   0.12146        0.76386   0.98372        0.91348  
   20   0.71287        0.70017    1.33743        0.51237   0.15346        0.44072    0.9793        0.80652  
   21    1.5056        0.47105    3.54059        0.17028   0.11494        0.82289   0.96294        0.36741  
   22    0.2687        0.87429     0.0541        0.97331   0.15704        0.41118   0.96753        0.47404  
   23   0.50557        0.77663    1.39565        0.49767   0.14572        0.50924   0.97102        0.56738  
   24   0.49766        0.77971    0.42706        0.80773   0.09418         0.9529   0.96772        0.47875  
   25    1.5068        0.47076    2.62828        0.26871   0.11727        0.80385   0.97185        0.59088  
   26   0.49122        0.78223     0.6639        0.71752   0.23951        0.05341   0.98153        0.86473  
   27   0.16994        0.91854    0.53999        0.76338   0.18627        0.21996   0.98708        0.96711  
   28   0.96336        0.61775    0.98208        0.61199   0.13829        0.58098   0.96237        0.35557  
   29   0.04166        0.97938    0.33274        0.84673   0.12561        0.71635   0.96659        0.45056  
   30   0.56346        0.75448    0.44277        0.80141    0.2496       0.03921*   0.95127        0.18286  
------------------------------------------------------------------------------------------------------------