                             t1   p-value (t1)         t2   p-value (t2)  
--------------------------------------------------------------------------
          mardia   167957.35927            1.0   -1.52154        0.12812  
         royston      126.71729          0.036                            
   henze-zirkler          400.0            0.0                            
  doornik-hansen            nan            nan                            
          energy            nan            nan                            
-------------------------------------------------------------------------------------------------------------
  col         jb   p-value (jb)         k2   p-value (k2)        ks   p-value (ks)        sw   p-value (sw)  
-------------------------------------------------------------------------------------------------------------
    1    2.08509        0.35256    2.15004        0.34129   0.06878        0.74239   0.98396        0.26644  
    2    2.82837        0.24312    3.99508        0.13567   0.17582      0.00356**   0.98144        0.17177  
    3    0.00678        0.99661    0.10121        0.95065   0.07754        0.57113   0.99472        0.96716  
    4    6.70006       0.03508*    6.53282       0.03814*   0.10292        0.22436   0.96092      0.00468**  
    5    0.33545        0.84559    0.19339        0.90783   0.10921        0.17097   0.99169        0.79802  
    6    1.23587        0.53906    1.24146        0.53755   0.11243        0.14786   0.98724        0.45362  
    7    1.27453        0.52874    1.58665        0.45234   0.13102        0.05881   0.99122        0.76239  
    8    1.73264         0.4205    2.11525        0.34728   0.05567        0.91592   0.98788        0.49923  
    9    2.21215        0.33086    2.83266         0.2426   0.08121        0.50715   0.98364        0.25256  
   10    0.01701        0.99153     0.2085          0.901   0.12489        0.08096   0.98838        0.53636  
   11     0.0368        0.98177    0.01315        0.99345   0.11039        0.16221   0.99551        0.98614  
   12    0.92447        0.62987    1.02091        0.60022   0.09508        0.30793    0.9891         0.5921  
   13    0.03012        0.98505    0.01822        0.99093    0.0775          0.572   0.98982        0.65033  
   14    2.16385        0.33894    2.81356        0.24493   0.08728         0.4115    0.9871        0.44406  
   15    0.84566        0.65519    0.77915        0.67734   0.06316        0.81982   0.99327        0.90379  
   16    0.53683        0.76459    1.01322        0.60253    0.0937        0.32463   0.99154        0.78662  
   17     0.0059        0.99705    0.15337        0.92618   0.06746        0.77036   0.99278        0.87436  
   18    0.97929        0.61284    1.48491        0.47594     0.099        0.26367   0.98976        0.64488  
   19    1.21724         0.5441    1.28903        0.52492   0.05413        0.93125   0.98179        0.18299  
   20    2.17518        0.33703    2.41569        0.29884   0.07241        0.66857   0.98148        0.17321  
   21    7.60219       0.02235*    7.86359       0.01961*   0.09627        0.29398    0.9787        0.10519  
   22    7.09052       0.02886*    7.46148       0.02398*   0.11857        0.11076    0.9656       0.01029*  
   23    2.23069         0.3278    2.74912        0.25295   0.05773         0.8929   0.98586         0.3658  
   24    0.14912        0.92815    0.35069        0.83917   0.06203        0.83625    0.9928        0.87591  
   25     0.5098        0.77499     0.3885        0.82345   0.07153         0.6861   0.99371        0.92694  
   26     2.8695        0.23818    6.63348       0.03627*   0.10321        0.22169   0.97969         0.1258  
   27    0.38568        0.82461    0.29706        0.86197   0.13799       0.04013*    0.9921        0.82825  
   28    0.16369        0.92141    0.26245        0.87702   0.08425        0.45765   0.98951        0.62532  
   29    0.09273        0.95469    0.35813        0.83605   0.11013        0.16408   0.98041         0.1431  
   30    0.92237        0.63053    1.29015        0.52462   0.05639        0.90816   0.99326        0.90319  
   31    0.01825        0.99092    0.16692        0.91993   0.08381        0.46452   0.98953        0.62631  
   32    0.59405        0.74303    0.45188        0.79776   0.05556        0.91704   0.98051        0.14568  
   33    1.18371         0.5533    1.41674        0.49245   0.06985        0.72023   0.99062        0.71459  
   34    3.45664        0.17758    8.91384        0.0116*    0.0987        0.26691   0.97517        0.05563  
   35    0.47044         0.7904    0.56463        0.75403   0.14707       0.02369*   0.99004        0.66779  
   36    0.90728        0.63531    1.02131         0.6001   0.05615        0.91084   0.99024        0.68397  
   37    4.05672        0.13155    4.16801        0.12443   0.09907        0.26294   0.98531         0.3341  
   38    0.68701        0.70928    0.54601        0.76109   0.06214        0.83481   0.99207        0.82616  
   39    1.21949        0.54349    1.78894        0.40882   0.06794        0.76015   0.98363        0.25197  
   40    4.05153        0.13189    4.72581        0.09415   0.06272        0.82636   0.98257        0.20962  
   41    1.16844        0.55754    1.13351        0.56736   0.11377        0.13901   0.98949         0.6234  
   42    0.31698        0.85343    0.75421        0.68584   0.11933        0.10673   0.99311        0.89485  
   43    1.43276        0.48852    1.58033        0.45377   0.06521        0.78873   0.98893        0.57901  
   44    0.90898        0.63477    0.78807        0.67433   0.09664        0.28965   0.98876        0.56606  
   45    0.49812        0.77953    0.33328         0.8465   0.08932        0.38232   0.98763        0.48161  
   46    2.87382        0.23766    3.03012        0.21979    0.1099        0.16577   0.97261       0.03511*  
   47    0.83905        0.65736    1.11885        0.57154   0.06992        0.71881   0.98773        0.48874  
   48    1.08368        0.58168    1.03476        0.59608   0.11606        0.12485   0.98559        0.35013  
   49    8.27587       0.01596*    8.15095       0.01698*   0.07811         0.5609   0.95404      0.00155**  
   50    0.07319        0.96406    0.00924        0.99539    0.0767        0.58657   0.99145        0.78019  
   51    0.68733        0.70917    0.88589        0.64214   0.06112        0.84915   0.99051        0.70604  
   52    1.42815        0.48965    1.87966        0.39069   0.09692        0.28652   0.99112        0.75483  
   53    1.91295        0.38424    3.20525        0.20137   0.08738        0.41005   0.98674        0.42042  
   54    2.99197        0.22403    3.46692        0.17667   0.08787         0.4029   0.98504        0.31962  
   55    8.57905       0.01371*    8.09784       0.01744*   0.09724        0.28284   0.97861        0.10355  
   56    1.40246        0.49597    1.66305        0.43538    0.1622      0.00912**   0.99043        0.69935  
   57    0.36337        0.83386    0.35199        0.83862   0.05745        0.89616   0.99445        0.95844  
   58    0.15218        0.92673     0.5006        0.77857    0.1092        0.17103   0.98996        0.66118  
   59    0.20023        0.90473    0.24325        0.88548   0.06931         0.7315   0.98918        0.59886  
   60    1.82483        0.40155    2.02861        0.36265   0.06349        0.81496   0.98296        0.22429  
   61    1.41447        0.49301    1.59688        0.45003   0.07821        0.55918   0.98141        0.17095  
   62    0.54654        0.76089    0.97998        0.61263   0.07248        0.66717   0.98749        0.47142  
   63     0.7421        0.69001    0.64016        0.72609    0.0926        0.33856   0.99086        0.73397  
   64    0.68504        0.70998    0.55786        0.75659   0.06087        0.85251   0.99332        0.90641  
   65    1.08865        0.58023    1.24748        0.53594   0.07978        0.53156   0.99005        0.66865  
   66    0.23166        0.89063     0.3272        0.84908    0.0973        0.28217   0.99063        0.71548  
   67    2.13357        0.34411    2.74486        0.25349   0.11523        0.12986   0.97362       0.04212*  
   68    2.12504        0.34558    3.69586        0.15756   0.08443        0.45475   0.98663        0.41344  
   69    3.59996         0.1653    4.26542        0.11852   0.05305        0.94102    0.9862        0.38585  
   70    0.38667         0.8242    0.28723        0.86622   0.05835        0.88534   0.99204        0.82383  
   71    0.29626        0.86232    0.22357        0.89424   0.05627        0.90953   0.99449        0.95969  
   72    1.34805        0.50965    1.38952        0.49919   0.08656        0.42218   0.98826        0.52754  
   73    0.41415        0.81296    0.23184        0.89055   0.06247        0.83003   0.98842        0.53961  
   74    3.21802        0.20009    3.21563        0.20032   0.05675        0.90416   0.97919        0.11499  
   75      4.905        0.08608    4.88526        0.08693   0.11193        0.15128   0.98221        0.19695  
   76   14.65149     0.00066***   11.28569      0.00354**   0.14102        0.0338*   0.97443       0.04873*  
   77    2.22565        0.32863    2.45683        0.29276   0.07482        0.62174   0.98826        0.52787  
   78    1.84916         0.3967     1.8645        0.39367   0.10642        0.19326   0.98598        0.37296  
   79    0.13838        0.93315    0.01523        0.99241   0.06855        0.74732   0.98921        0.60093  
   80    3.96392         0.1378   11.84026      0.00268**   0.05626        0.90959   0.97271       0.03576*  
   81    2.43548         0.2959    4.92893        0.08505    0.0804        0.52079   0.98353        0.24774  
   82    4.63672        0.09843    4.77912        0.09167   0.06211        0.83522   0.97495        0.05345  
   83    0.81007        0.66695    0.76625        0.68173   0.06759        0.76763   0.99297        0.88626  
   84    3.71734        0.15588    4.34015        0.11417   0.05563        0.91632   0.98644        0.40089  
   85    3.17195        0.20475    3.68874        0.15812   0.09178        0.34913   0.97661        0.07218  
   86    0.56346        0.75448    1.00754        0.60425   0.08421        0.45819   0.98319         0.2336  
   87    2.21406        0.33054     2.7118        0.25772   0.08276         0.4815   0.97692        0.07634  
   88    0.99405        0.60834    1.53875         0.4633   0.08617        0.42798   0.98992        0.65842  
   89    0.09493        0.95364    0.00977        0.99513   0.06113        0.84901   0.99468        0.96611  
   90    0.40676        0.81597    0.22517        0.89352   0.10245        0.22881   0.99482        0.97033  
   91     2.4062        0.30026    3.88244        0.14353   0.10589        0.19777   0.98348        0.24575  
   92      2.442        0.29493    3.98997        0.13602    0.1047        0.20807    0.9831        0.23006  
   93    10.9888      0.00411**    8.71693        0.0128*   0.08135        0.50478   0.97776        0.08876  
   94    3.21058        0.20083    3.88777        0.14315   0.09291        0.33464   0.98441        0.28789  
   95    0.65071        0.72227    0.57953        0.74844   0.06823        0.75397   0.99284        0.87796  
   96    0.59855        0.74135    0.87532        0.64555   0.09057        0.36518   0.99282         0.8772  
   97    0.35626        0.83683      0.598        0.74156   0.10087        0.24436   0.98801        0.50922  
   98    0.58518        0.74633    0.93983        0.62505   0.11453        0.13418   0.98972        0.64179  
   99    3.08173         0.2142    3.41958         0.1809   0.07863        0.55165   0.97745        0.08403  
  100     1.1096        0.57419    1.09329        0.57889   0.13464       0.04835*   0.99059        0.71188  
-------------------------------------------------------------------------------------------------------------