                             t1   p-value (t1)         t2   p-value (t2)  
--------------------------------------------------------------------------
          mardia   171828.56195        0.41275   -0.68398        0.49399  
         royston      135.80183        0.01001                            
   henze-zirkler            1.0            0.0                            
  doornik-hansen      218.53983        0.17544                            
          energy        5.29109           0.21                            
-------------------------------------------------------------------------------------------------------------
  col         jb   p-value (jb)         k2   p-value (k2)        ks   p-value (ks)        sw   p-value (sw)  
-------------------------------------------------------------------------------------------------------------
    1     2.1511        0.34111    2.28702         0.3187   0.04229        0.05437   0.99874        0.71592  
    2    2.17381        0.33726    2.12099        0.34629   0.03971        0.08313   0.99866        0.66022  
    3    0.20061        0.90456    0.17345        0.91693   0.02795        0.41173   0.99828        0.42078  
    4    0.79843        0.67085    0.72718        0.69517   0.03894        0.09382   0.99853        0.57538  
    5    2.69327        0.26011    2.95374        0.22835   0.02482        0.56911   0.99731        0.09501  
    6    1.35499        0.50789    1.34903         0.5094   0.04698       0.02342*   0.99781        0.21243  
    7    4.98562        0.08268    4.95611        0.08391   0.02982        0.33125   0.99712        0.06991  
    8     0.4019        0.81795     0.3495        0.83967   0.03323        0.21505   0.99872        0.70337  
    9    2.09699        0.35047    2.27903        0.31997   0.03168        0.26309   0.99706        0.06363  
   10    2.25637        0.32362    2.30017        0.31661   0.02831        0.39533    0.9972        0.07986  
   11    0.35797        0.83612    0.30096         0.8603   0.01558        0.96851   0.99831        0.43588  
   12    4.35722         0.1132     4.7297        0.09396   0.02195        0.72117   0.99764        0.16278  
   13    5.85454        0.05354    5.84879         0.0537   0.02756         0.4301   0.99783         0.2189  
   14     4.5154        0.10459    5.11562        0.07747   0.02316          0.657   0.99761        0.15508  
   15     1.6709        0.43368     1.8116        0.40422   0.03814        0.10624     0.998        0.28212  
   16    0.11188         0.9456    0.05533        0.97271   0.01613        0.95708   0.99871        0.69368  
   17    0.19144        0.90872    0.12182        0.94091   0.02135        0.75216   0.99949        0.99749  
   18    2.78062          0.249    2.66861        0.26334   0.03082        0.29305   0.99761        0.15415  
   19    4.31503        0.11561    4.44743        0.10821   0.02462        0.57938    0.9972        0.07954  
   20    0.62375        0.73207     0.7535        0.68609   0.03367        0.20259   0.99857        0.60164  
   21    0.31401         0.8547    0.22896        0.89183   0.02348        0.63957   0.99885        0.78714  
   22    0.37302        0.82985    0.33749        0.84472   0.03216        0.24729     0.998        0.28191  
   23    0.22501        0.89359    0.18529        0.91152   0.04104        0.06694   0.99893        0.83349  
   24    1.75752         0.4153    1.81983        0.40256   0.02918        0.35747    0.9985        0.55154  
   25    2.21683        0.33008    2.29409        0.31757   0.03521        0.16363   0.99805        0.30492  
   26    1.16673        0.55802     1.0859        0.58103   0.02712        0.45104   0.99861        0.62751  
   27    0.93494        0.62659    1.06531        0.58704   0.02202        0.71753   0.99879        0.75062  
   28    0.22138        0.89522    0.14403        0.93052   0.03549        0.15735   0.99889        0.81173  
   29    2.24848         0.3249    2.37922        0.30434   0.02315        0.65746   0.99879        0.75085  
   30    3.63173         0.1627    3.88045        0.14367   0.05077       0.01112*    0.9972        0.07952  
   31    1.30418        0.52096    1.27926        0.52749   0.03528        0.16209   0.99794        0.25865  
   32    5.00768        0.08177    4.92973        0.08502     0.024        0.61234   0.99686       0.04535*  
   33    0.93151        0.62766    0.86897         0.6476   0.02373        0.62637    0.9989        0.81628  
   34    0.43129        0.80602    0.34209        0.84278   0.02979        0.33219   0.99831        0.43466  
   35    1.94115        0.37887    2.08373         0.3528    0.0431        0.0473*   0.99775        0.19213  
   36    1.01478        0.60207    1.02719        0.59834   0.02779        0.41922   0.99831        0.43977  
   37    4.70472        0.09514    4.59484        0.10052   0.03342        0.20958   0.99766        0.16659  
   38    2.30287        0.31618    2.63122        0.26831   0.02222        0.70675   0.99825        0.40196  
   39    1.63233        0.44212    1.55573        0.45939   0.02659        0.47783   0.99879        0.75074  
   40    4.90684          0.086    4.82525        0.08958   0.02707        0.45355   0.99734        0.09967  
   41    5.74333         0.0566    5.68371        0.05832   0.02373        0.62654   0.99735        0.10151  
   42    1.62359        0.44406    1.65576        0.43697   0.02187        0.72508   0.99875        0.71933  
   43    1.93888         0.3793    2.12135        0.34622   0.01679        0.94075   0.99886        0.79475  
   44    1.90452        0.38587    2.04386         0.3599   0.02605        0.50623   0.99875        0.72263  
   45    0.48423        0.78497    0.41441        0.81285   0.01943        0.84454   0.99878        0.74471  
   46    3.58449        0.16659    3.52101        0.17196   0.02968        0.33662   0.99774        0.18944  
   47    0.00177        0.99911    0.02118        0.98947   0.01719         0.9291   0.99856        0.59105  
   48    2.93674         0.2303    3.22679        0.19921   0.03093        0.28898   0.99843        0.51011  
   49    2.72828         0.2556    2.56355        0.27754   0.04298       0.04828*   0.99819        0.37183  
   50    0.17364        0.91684    0.17069         0.9182   0.03197         0.2535   0.99799        0.27761  
   51    0.77489        0.67879    0.84595         0.6551   0.02153        0.74262   0.99831        0.43727  
   52    0.57896        0.74865     0.5991        0.74115   0.03168        0.26293   0.99863        0.64012  
   53    1.10403        0.57579    1.02385        0.59934   0.02879        0.37381   0.99851         0.5619  
   54    2.22121        0.32936    2.33374        0.31134    0.0413        0.06421   0.99825        0.40243  
   55    5.66667        0.05882    4.68809        0.09594   0.02927        0.35336   0.99788        0.23424  
   56    1.90207        0.38634     2.0547        0.35795   0.04538       0.03155*   0.99748        0.12493  
   57    0.11765        0.94287    0.13824        0.93321   0.01997        0.81996   0.99874        0.71621  
   58    4.19334        0.12286    4.31365        0.11569   0.03598        0.14665   0.99741        0.11285  
   59    2.27535        0.32056    2.39866         0.3014    0.0389        0.09447   0.99816        0.35433  
   60    1.67637        0.43249     1.6391        0.44063   0.04202         0.0569   0.99652       0.02566*  
   61    3.70079        0.15718     3.5892        0.16619   0.02434        0.59423   0.99776        0.19596  
   62    0.14974        0.92787    0.22821        0.89217    0.0256        0.52858   0.99874        0.71453  
   63    1.90034        0.38668    1.86532         0.3935    0.0302        0.31619   0.99807        0.31417  
   64    0.02364        0.98825    0.00991        0.99506   0.02268        0.68256   0.99891        0.82296  
   65    0.70191        0.70402    0.83031        0.66024   0.02078        0.78093   0.99822        0.38819  
   66    0.06193        0.96951    0.03923        0.98058   0.02466        0.57736   0.99829        0.42829  
   67    1.21089        0.54583    1.15046        0.56258   0.03776         0.1126   0.99872        0.70391  
   68    3.45895        0.17738     4.2387        0.12011   0.02578        0.51937   0.99734        0.09999  
   69    2.54241        0.28049    2.62803        0.26874   0.02785          0.416    0.9975         0.1293  
   70    0.24245        0.88584    0.26857        0.87434   0.02596        0.51032   0.99928        0.97421  
   71    2.05354        0.35816    2.17612        0.33687   0.02546        0.53609   0.99851        0.56004  
   72    1.18125        0.55398    1.17378        0.55605   0.04655       0.02541*    0.9985        0.55182  
   73    2.47206        0.29054    2.36125        0.30709    0.0538      0.00589**   0.99791         0.2472  
   74    1.70352        0.42666    1.67384        0.43304   0.05051       0.01174*   0.99829        0.42758  
   75    1.01188        0.60294    0.93147        0.62767   0.02966        0.33771   0.99851         0.5631  
   76    1.27392         0.5289    1.39325        0.49826   0.02711        0.45165   0.99878        0.73885  
   77     7.9746       0.01855*    7.99349       0.01838*   0.02748         0.4336   0.99632       0.01846*  
   78    2.73933        0.25419    2.70218        0.25896   0.01773        0.91181   0.99817        0.36259  
   79    0.61558        0.73507    0.59346        0.74324   0.04189        0.05818   0.99863         0.6403  
   80    4.28371        0.11744    4.41214        0.11013   0.02137        0.75105   0.99779         0.2042  
   81    4.19414        0.12282    4.19834        0.12256   0.03059        0.30153   0.99765        0.16459  
   82    8.18422        0.0167*    8.13401       0.01713*   0.02174        0.73189   0.99646       0.02326*  
   83     4.1388        0.12626    4.10739        0.12826   0.01823        0.89376   0.99735        0.10123  
   84   13.33881      0.00127**   11.92802      0.00257**   0.02567        0.52506   0.99592      0.00957**  
   85    0.33307        0.84659    0.25772         0.8791   0.02593        0.51204   0.99881        0.76003  
   86     6.8895       0.03191*    5.68904        0.05816   0.03391        0.19606   0.99647        0.0238*  
   87    0.39788         0.8196    0.31004         0.8564   0.02864        0.38046   0.99896        0.85113  
   88    0.14669        0.92928    0.23925        0.88725   0.02412        0.60584    0.9993        0.97896  
   89    0.16311        0.92168    0.09412        0.95403   0.03022        0.31537   0.99869        0.68087  
   90    0.34427        0.84187    0.26065        0.87781   0.03246        0.23777   0.99826        0.41049  
   91    1.25231        0.53464    1.37422        0.50303   0.01956         0.8389   0.99851        0.55984  
   92    3.57764        0.16716    4.06198        0.13121   0.04228        0.05442   0.99752        0.13319  
   93     2.6551        0.26513    2.79143        0.24766   0.02761        0.42745   0.99834        0.45275  
   94    0.57016        0.75195    0.49068        0.78244   0.01422        0.98752   0.99935        0.98642  
   95    8.88689       0.01176*    7.60428       0.02232*   0.03817        0.10571   0.99657       0.02787*  
   96    3.73524        0.15449    3.59987        0.16531   0.01284        0.99653    0.9984        0.49042  
   97    1.24132        0.53759     1.3626        0.50596   0.02835        0.39352   0.99737        0.10586  
   98    3.00754        0.22229    3.24068        0.19783   0.02154        0.74237   0.99782        0.21408  
   99    1.72377        0.42236     1.6481        0.43865   0.02524        0.54691   0.99752        0.13391  
  100    2.68553        0.26112    2.71068        0.25786   0.02259        0.68707   0.99829         0.4262  
-------------------------------------------------------------------------------------------------------------