                                 Descriptive statistics 30x30 DataFrame(df)                                
-----------------------------------------------------------------------------------------------------------
  col       mean     median   variance     stdev   kurtosis   skewness        min       max   quant (95%)  
-----------------------------------------------------------------------------------------------------------
    1    0.03068    0.06598     0.6597   0.81222   -0.58539   -0.01644   -1.86106   1.65783       1.25868  
    2   -0.07847   -0.13554    0.59615   0.77211   -0.52794   -0.14826   -1.73451   1.21725       1.17513  
    3     0.0106   -0.10227    0.74267   0.86178    0.61126   -0.53187   -2.41235   1.58878       1.22826  
    4    0.07711    0.04328    0.30696   0.55404   -0.47279   -0.45988   -1.30055   0.95377       0.78221  
    5    0.06761    0.19048    0.52361   0.72361   -0.21937   -0.24307   -1.68071   1.65121       0.96489  
    6    0.00344    0.20145    0.86918    0.9323    0.20663    -0.6082   -2.35271   1.76613       1.24238  
    7   -0.00772   -0.23099    0.81023   0.90013   -0.46023    0.46649   -1.49359     2.247       1.34445  
    8    0.25667    0.22561    0.75255    0.8675    -0.1994    0.16666   -1.53144   2.28979        1.7334  
    9   -0.26052   -0.59936     0.6104   0.78128    1.46623    1.42357   -1.14374   2.12172       1.37197  
   10   -0.22768   -0.31076    0.45146   0.67191   -0.30156    0.49082   -1.30391   1.44818       0.90578  
   11   -0.26081   -0.35353    0.47768   0.69114   -0.57631    0.42417   -1.35128   1.32921       0.90802  
   12   -0.32325   -0.37482      0.622   0.78867   -0.09104    0.35374   -1.94093    1.5628        1.0745  
   13    0.01436    -0.2115    0.80943   0.89968      0.209    0.38925   -1.83181   2.50254        1.0944  
   14    0.04124   -0.02366    0.46736   0.68364   -0.84773    0.18985   -1.21562    1.4654       1.09416  
   15   -0.08012   -0.03253    0.65415    0.8088   -0.60754   -0.27229   -2.07405    1.2787       0.98263  
   16    0.21516    0.27443    0.57296   0.75694    0.07038   -0.23232   -1.65122   1.97749       1.20867  
   17   -0.01023   -0.06554    0.52781    0.7265   -1.22873   -0.06405   -1.47667   1.03944       0.99865  
   18    0.09494   -0.08816    0.97857   0.98923    0.22862    0.65023   -1.62864   2.76575       1.87221  
   19   -0.00625   -0.07617    0.53601   0.73213   -0.42808    0.02096   -1.52524   1.53835       1.10621  
   20     -0.171    0.06947    0.72787   0.85315    0.09522   -0.37458   -2.31717   1.71292       0.85485  
   21   -0.03373   -0.16696    0.62465   0.79035   -1.08843    0.07037   -1.40671   1.54427       1.02102  
   22    0.10279    0.19044    0.40205   0.63408   -0.46355   -0.00446   -1.07981   1.62689       0.89813  
   23   -0.02435   -0.08319    0.54696   0.73957     0.3848   -0.25318   -1.80443   1.52288       1.15652  
   24    0.01394   -0.11121    0.77384   0.87968   -0.38704    0.24916   -1.69188   1.71221       1.68152  
   25    0.06138    0.01008    0.70723   0.84097    0.35204    0.51998   -1.60057   2.24979       1.54469  
   26   -0.29919   -0.22061    0.68204   0.82586   -0.18297   -0.29979   -2.35293   1.24926       0.89958  
   27   -0.09119   -0.10633    0.42376   0.65097    0.03238    0.18365   -1.50752   1.58946       0.79617  
   28   -0.16822   -0.09788    0.84298   0.91814   -0.44979    0.37695   -1.62712    1.8795       1.43984  
   29    -0.0997   -0.18688    0.74453   0.86286    0.00841   -0.09119    -2.3483   1.72227       1.17622  
   30   -0.24266   -0.47681    0.85929   0.92698    -0.6683    -0.0322   -2.45416   1.44734       1.09829  
-----------------------------------------------------------------------------------------------------------
